     0/249     18.6G   0.05449  0.009239   0.06391    0.1276       536       224    0.1323    0.2465   0.02011   0.01348    0.0494  0.005331   0.04356
     1/249     21.6G   0.04498  0.008999   0.06373    0.1177       584       224    0.0203    0.6593   0.02413   0.01624   0.05072  0.003317   0.04288
     2/249     21.9G   0.03237  0.009646   0.06335    0.1054       514       224   0.01015    0.8048   0.02372   0.01651   0.04762   0.00188   0.04264
     3/249     21.9G   0.02658  0.008834   0.06301   0.09843       571       224   0.04184    0.6402   0.02928   0.02299    0.0423  0.001696   0.04252
     4/249     21.9G   0.02476  0.008352   0.06276   0.09587       574       224    0.1373     0.481   0.04546   0.03578   0.04168  0.001606   0.04244
     5/249     21.9G   0.02371  0.008052   0.06224   0.09401       521       224    0.3522     0.277   0.07437   0.05967   0.04285  0.001506   0.04222
     6/249     21.9G   0.02376  0.008092   0.06124    0.0931       509       224    0.4654    0.3446     0.145    0.1163   0.04175  0.001501   0.04166
     7/249     21.9G   0.02439  0.008043   0.05926    0.0917       578       224    0.6641    0.3143    0.3029    0.2386   0.04124  0.001606   0.04087
     8/249     21.9G   0.02473  0.007967   0.05677   0.08946       517       224    0.6535    0.4552    0.5364    0.4064   0.04265  0.001569    0.0392
     9/249     21.9G   0.02652  0.009257    0.0568   0.09258       571       224    0.5265    0.4693    0.4388    0.3544   0.01687  0.003363   0.03716
    10/249     21.9G   0.02441  0.009368   0.05378   0.08755       548       224     0.475    0.5869    0.5476    0.4331   0.01271  0.002863   0.03307
    11/249     21.9G   0.02477  0.009272   0.04923   0.08328       562       224    0.5474    0.5912    0.5773    0.4485   0.01317  0.002942   0.03024
    12/249     21.9G   0.02558   0.00916   0.04567   0.08041       504       224    0.6219    0.5005    0.5385     0.408   0.01503  0.003038   0.03193
    13/249     21.9G   0.02613  0.009087   0.04261   0.07783       611       224    0.5067    0.5389    0.5114     0.388   0.01644   0.00309   0.03292
    14/249     21.9G   0.02601  0.008999   0.04058   0.07559       602       224    0.5265    0.6111    0.6095    0.4691   0.01351  0.002939   0.02802
    15/249     21.9G   0.02624  0.008954   0.03887   0.07406       521       224    0.4872    0.6272    0.6078    0.4508   0.01715  0.003316    0.0282
    16/249     21.9G   0.02633  0.008885   0.03793   0.07314       538       224    0.6086    0.6538    0.6784     0.515   0.01526  0.002928    0.0256
    17/249     21.9G   0.02602  0.008937   0.03723   0.07219       510       224    0.5899     0.592    0.6225    0.4658   0.01667  0.003233   0.02698
    18/249     21.9G    0.0255  0.008859   0.03593   0.07029       573       224    0.5872    0.7007     0.731    0.5461   0.01456  0.003082   0.02422
    19/249     21.9G   0.02519   0.00882    0.0344   0.06841       549       224    0.6647    0.6724    0.7233    0.5484   0.01451  0.003098   0.02409
    20/249     21.9G   0.02478  0.008782    0.0333   0.06686       550       224    0.6527     0.708    0.7362    0.5353   0.01536  0.003311   0.02219
    21/249     21.9G   0.02447  0.008623   0.03214   0.06523       575       224    0.7382    0.7196    0.8194    0.6333    0.0138  0.003293   0.01907
    22/249     21.9G   0.02431  0.008571   0.03125   0.06413       564       224    0.7468    0.7909    0.8561    0.6432   0.01484  0.003258   0.01677
    23/249     21.9G   0.02389   0.00842   0.03035   0.06267       525       224    0.7282    0.7842     0.853    0.6508   0.01415  0.003203   0.01756
    24/249     21.9G   0.02371  0.008425   0.02971   0.06185       536       224    0.7778    0.7681    0.8468    0.6509   0.01388   0.00324   0.01702
    25/249     21.9G   0.02351   0.00828   0.02886   0.06065       534       224    0.7606    0.8056    0.8749     0.672   0.01314  0.003274   0.01559
    26/249     21.9G   0.02339   0.00835    0.0283   0.06004       542       224    0.6961    0.8125    0.8476    0.6679   0.01232  0.003366   0.01727
    27/249     21.9G   0.02312  0.008267   0.02751    0.0589       560       224    0.7506    0.8497    0.9022    0.7017   0.01207  0.003381   0.01427
    28/249     21.9G   0.02308  0.008222    0.0273    0.0586       561       224    0.7867    0.7896    0.8579    0.6597   0.01347  0.003565   0.01524
    29/249     21.9G   0.02298  0.008151   0.02682   0.05795       602       224    0.7117    0.8118    0.8581    0.6689   0.01323  0.003582   0.01654
    30/249     21.9G   0.02283  0.008043   0.02637   0.05724       548       224    0.8268    0.8395    0.8982    0.7112   0.01226  0.003609   0.01367
    31/249     21.9G   0.02271  0.008059   0.02628   0.05705       583       224    0.8318    0.8238    0.9013    0.7001    0.0121  0.003619    0.0132
    32/249     21.9G   0.02258  0.007983    0.0255   0.05606       554       224    0.7941    0.8739    0.9232    0.7175   0.01263  0.003648    0.0127
    33/249     21.9G   0.02235  0.007926   0.02552   0.05579       518       224    0.8474    0.8714    0.9335    0.7561   0.01158  0.003757   0.01152
    34/249     21.9G   0.02242  0.007836   0.02483   0.05508       530       224    0.8059    0.8615    0.9128    0.7092   0.01349  0.003541   0.01239
    35/249     21.9G   0.02221  0.007889   0.02486   0.05496       576       224    0.8394    0.8685    0.9239    0.7312    0.0124  0.003652   0.01137
    36/249     21.9G   0.02221  0.007855   0.02453   0.05459       588       224    0.8451    0.8873    0.9501    0.7657   0.01115  0.003589   0.01055
    37/249     21.9G   0.02216  0.007771   0.02402   0.05395       556       224    0.8565    0.8843    0.9387    0.7474    0.0121  0.003755   0.01031
    38/249     21.9G   0.02185  0.007853   0.02405   0.05375       557       224    0.8475     0.919    0.9599    0.7695   0.01155  0.003597  0.009505
    39/249     21.9G   0.02175  0.007692   0.02347   0.05291       587       224    0.8818    0.8913    0.9506     0.756   0.01184  0.003844   0.01011
    40/249     21.9G   0.02194  0.007692   0.02347   0.05311       554       224    0.8751     0.879    0.9443    0.7571   0.01146  0.003744   0.01012
    41/249     21.9G   0.02175  0.007665   0.02313   0.05254       546       224    0.8536    0.9028    0.9512    0.7655   0.01138  0.003797  0.009947
    42/249     21.9G   0.02183  0.007597   0.02342   0.05285       584       224    0.8799    0.9069    0.9565    0.7622   0.01186  0.003999  0.009825
    43/249     21.9G    0.0216  0.007576   0.02296   0.05214       544       224    0.8924    0.8823    0.9527     0.758   0.01219  0.003881  0.009601
    44/249     21.9G   0.02162  0.007511   0.02239   0.05151       519       224    0.8643    0.9156    0.9621    0.7682   0.01137  0.003702  0.009486
    45/249     21.9G   0.02159  0.007563   0.02259   0.05174       563       224    0.8819    0.9187    0.9672    0.7808   0.01114  0.004239  0.008922
    46/249     21.9G   0.02153  0.007536   0.02216   0.05123       538       224    0.8713    0.9375    0.9696    0.7862    0.0117    0.0041  0.008589
    47/249     21.9G   0.02146  0.007531   0.02237   0.05136       536       224    0.8978    0.9182    0.9664    0.7798    0.0112  0.004074  0.008432
    48/249     21.9G    0.0214  0.007415    0.0219   0.05072       550       224    0.9007    0.9237    0.9696    0.7864   0.01069  0.004145  0.008071
    49/249     21.9G   0.02138  0.007444   0.02184   0.05067       540       224    0.9015    0.9227    0.9678    0.7857   0.01075  0.004073   0.00811
    50/249     21.9G   0.02133  0.007389   0.02187   0.05059       549       224     0.892    0.9487    0.9736    0.7653   0.01164  0.004179  0.007578
    51/249     21.9G   0.02118  0.007416    0.0215    0.0501       534       224    0.9184    0.9399    0.9756    0.7967   0.01099  0.004109  0.006818
    52/249     21.9G   0.02112  0.007353   0.02132   0.04979       583       224    0.8886     0.943    0.9673    0.7901   0.01061  0.004254  0.007609
    53/249     21.9G   0.02101  0.007318   0.02141   0.04973       548       224     0.917    0.9433    0.9822    0.8113   0.01039  0.004442  0.007394
    54/249     21.9G   0.02115  0.007329   0.02134   0.04982       529       224    0.9017    0.9437     0.978    0.7895   0.01108  0.004061  0.007129
    55/249     21.9G   0.02094  0.007292   0.02095   0.04918       514       224    0.9167    0.9296    0.9789    0.7987    0.0109  0.004257  0.007563
    56/249     21.9G   0.02114  0.007281   0.02068    0.0491       582       224    0.9271    0.9437    0.9817    0.8114   0.01008  0.004229  0.006874
    57/249     21.9G   0.02094  0.007284   0.02041   0.04864       594       224    0.9248     0.956    0.9818    0.8144   0.01004  0.004646  0.006144
    58/249     21.9G   0.02095  0.007159   0.02043   0.04854       591       224    0.9059    0.9298    0.9731    0.7993   0.01022  0.004264   0.00769
    59/249     21.9G   0.02102  0.007203   0.02075   0.04897       560       224    0.9271    0.9289    0.9751    0.8028   0.01042  0.004398  0.006938
    60/249     21.9G   0.02079  0.007223   0.02027   0.04828       548       224    0.9243    0.9431    0.9779    0.8045   0.01018  0.004519   0.00647
    61/249     21.9G   0.02075   0.00718   0.02026    0.0482       536       224    0.9248    0.9572    0.9792    0.8034   0.01026  0.004199  0.006627
    62/249     21.9G   0.02074  0.007152   0.02019   0.04809       495       224    0.9039    0.9585    0.9779    0.8175  0.009823  0.004458  0.006666
    63/249     21.9G   0.02077  0.007134   0.02041   0.04832       583       224    0.9283    0.9552    0.9895    0.8189   0.01015  0.004276  0.006352
    64/249     21.9G    0.0207  0.007072   0.01989   0.04766       536       224    0.9333    0.9542    0.9864    0.8024   0.01069  0.004417   0.00641
    65/249     21.9G   0.02057  0.007102   0.01985   0.04752       519       224     0.927    0.9403    0.9815    0.8348  0.009203  0.004424  0.006599
    66/249     21.9G   0.02063  0.007087   0.01989   0.04761       550       224    0.9187     0.939    0.9797    0.8203  0.009897  0.004523  0.006697
    67/249     21.9G   0.02055  0.007101   0.01984   0.04749       594       224    0.9442    0.9541    0.9774    0.8175  0.009839  0.004641  0.005912
    68/249     21.9G   0.02043  0.007073   0.01988   0.04738       553       224    0.9393    0.9472    0.9862    0.8275  0.009486  0.004672  0.006257
    69/249     21.9G   0.02045  0.007036   0.01957   0.04706       546       224    0.9348    0.9612    0.9833    0.8301  0.009456  0.004712  0.005599
    70/249     21.9G   0.02035  0.006955   0.01925   0.04656       565       224    0.9298    0.9782    0.9894    0.8408  0.009265  0.004488  0.005604
    71/249     21.9G   0.02038  0.006852    0.0195   0.04673       575       224    0.9462    0.9565    0.9789    0.8175  0.009544  0.004811   0.00553
    72/249     21.9G    0.0203  0.006959   0.01937   0.04663       522       224    0.9393    0.9647    0.9796    0.8232  0.009608  0.004719  0.005891
    73/249     21.9G    0.0203  0.007034   0.01905   0.04638       532       224    0.9272    0.9695    0.9871    0.8336  0.009247  0.004174  0.005457
    74/249     21.9G   0.02025  0.006946   0.01934   0.04653       546       224    0.9355    0.9579    0.9769    0.8186  0.009453  0.005081  0.005811
    75/249     21.9G   0.02025   0.00691   0.01875   0.04591       546       224    0.9377    0.9737    0.9858    0.8351  0.009173  0.004729  0.005206
    76/249     21.9G   0.02018  0.006978   0.01891   0.04607       584       224    0.9452    0.9668    0.9908    0.8337  0.009369   0.00467  0.005247
    77/249     21.9G   0.02045  0.006935   0.01879   0.04617       577       224    0.9435    0.9696    0.9911    0.8439  0.009129  0.004842  0.005235
    78/249     21.9G   0.02008  0.006873   0.01859   0.04554       545       224    0.9484    0.9713    0.9889    0.8431  0.009043  0.004648  0.005043
    79/249     21.9G   0.02007  0.006898   0.01858   0.04555       551       224    0.9527    0.9486    0.9841    0.8323   0.00928  0.004891  0.005372
    80/249     21.9G   0.02008  0.006836   0.01846   0.04538       532       224    0.9479    0.9595    0.9827    0.8389  0.009155  0.004688  0.005249
    81/249     21.9G   0.02013  0.006836    0.0185   0.04547       558       224    0.9487    0.9684    0.9878    0.8401  0.009037  0.004893  0.005205
    82/249     21.9G   0.01996  0.006755   0.01835   0.04506       555       224    0.9535    0.9782    0.9944    0.8466  0.008849  0.004665  0.005003
    83/249     21.9G   0.01989  0.006859   0.01823   0.04498       566       224    0.9536    0.9625    0.9915     0.839  0.009223   0.00503   0.00539
    84/249     21.9G    0.0199  0.006782   0.01831   0.04499       570       224     0.938    0.9771    0.9944    0.8463  0.009206  0.004816  0.005038
    85/249     21.9G   0.01978  0.006763   0.01818   0.04473       560       224     0.959    0.9791    0.9851    0.8504  0.008702   0.00503  0.004832
    86/249     21.9G   0.01981  0.006763   0.01789   0.04447       568       224    0.9562    0.9756    0.9863    0.8418  0.008758  0.004809  0.004938
    87/249     21.9G   0.01965  0.006675   0.01797   0.04429       553       224    0.9546    0.9695    0.9927    0.8464  0.008775  0.004912  0.005115
    88/249     21.9G   0.01963  0.006677   0.01784   0.04415       545       224    0.9455    0.9725    0.9884    0.8293  0.009237   0.00537  0.005086
    89/249     21.9G    0.0198  0.006745   0.01785   0.04439       543       224    0.9564    0.9801    0.9891    0.8418  0.008938  0.005287  0.004401
    90/249     21.9G   0.01962  0.006648   0.01777   0.04403       579       224    0.9524    0.9762    0.9926    0.8462  0.008941  0.005093  0.004561
    91/249     21.9G   0.01957  0.006657   0.01784   0.04407       501       224     0.957     0.968    0.9924    0.8547   0.00859  0.005127  0.004452
    92/249     21.9G   0.01966  0.006699   0.01806   0.04442       529       224    0.9634    0.9619    0.9882    0.8528  0.008455  0.004887  0.004734
    93/249     21.9G   0.01957  0.006635   0.01752   0.04372       542       224    0.9589    0.9726    0.9877    0.8482  0.008677  0.004933  0.004671
    94/249     21.9G   0.01941  0.006643   0.01744   0.04349       552       224    0.9571    0.9812    0.9856    0.8475  0.008669  0.004933  0.004456
    95/249     21.9G   0.01927  0.006618   0.01732   0.04321       530       224    0.9469    0.9822    0.9873    0.8549  0.008521  0.005066  0.004569
    96/249     21.9G   0.01946  0.006605   0.01701   0.04308       585       224    0.9602    0.9862    0.9907    0.8595  0.008526  0.005429  0.004406
    97/249     21.9G   0.01937  0.006684    0.0176   0.04365       546       224    0.9476    0.9776    0.9921    0.8609  0.008453   0.00531  0.004581
    98/249     21.9G   0.01929   0.00655   0.01725    0.0431       540       224    0.9538    0.9788    0.9933    0.8516  0.008704  0.005448  0.004434
    99/249     21.9G   0.01917  0.006601   0.01709   0.04286       588       224    0.9678    0.9768    0.9909    0.8554  0.008475  0.004799  0.004223
   100/249     21.9G   0.01922  0.006518   0.01687   0.04261       570       224    0.9571    0.9784    0.9904    0.8556  0.008535  0.005053  0.004391
   101/249     21.9G   0.01911  0.006485   0.01688   0.04248       563       224    0.9641     0.979    0.9915    0.8581  0.008376  0.004982  0.004179
   102/249     21.9G   0.01912  0.006539   0.01704    0.0427       573       224    0.9681    0.9812     0.995    0.8629  0.008429  0.005411  0.004059
   103/249     21.9G   0.01917  0.006501   0.01675   0.04242       566       224    0.9448    0.9867    0.9925    0.8574  0.008512  0.005051  0.004206
   104/249     21.9G   0.01887  0.006422    0.0166   0.04189       555       224    0.9629    0.9747    0.9927    0.8565  0.008551  0.005378  0.004226
   105/249     21.9G   0.01881  0.006434   0.01675   0.04199       593       224    0.9573    0.9818    0.9942    0.8675  0.008141  0.005127  0.004022
   106/249     21.9G   0.01895  0.006428   0.01684   0.04222       562       224    0.9611    0.9763    0.9904    0.8562  0.008227  0.005095  0.003912
   107/249     21.9G    0.0189  0.006442   0.01668   0.04203       535       224    0.9617    0.9795     0.989    0.8573  0.008167  0.005651  0.004186
   108/249     21.9G    0.0188  0.006484   0.01681   0.04209       571       224    0.9581    0.9848    0.9898    0.8607  0.008073  0.005879  0.003911
   109/249     21.9G   0.01885  0.006389   0.01656    0.0418       595       224    0.9589    0.9805    0.9918    0.8653  0.008118  0.005377  0.003658
   110/249     21.9G   0.01893  0.006442   0.01656   0.04193       571       224    0.9598    0.9798    0.9908     0.864  0.008086  0.005245  0.003857
   111/249     21.9G   0.01864  0.006371   0.01606   0.04107       533       224    0.9711     0.982    0.9883    0.8574  0.007944  0.005089  0.003796
   112/249     21.9G   0.01878  0.006344   0.01644   0.04156       592       224    0.9663    0.9886    0.9937    0.8708  0.007899  0.005366  0.003611
   113/249     21.9G   0.01864   0.00637    0.0165   0.04152       530       224    0.9691    0.9809    0.9953    0.8666  0.008316    0.0053  0.003602
   114/249     21.9G   0.01868  0.006288   0.01611   0.04108       514       224    0.9687    0.9857    0.9954    0.8689  0.007952   0.00538  0.003611
   115/249     21.9G   0.01859  0.006337   0.01645   0.04138       606       224    0.9727    0.9852    0.9927    0.8658  0.007992  0.005211  0.003547
   116/249     21.9G   0.01846  0.006336   0.01628   0.04108       565       224    0.9647    0.9901    0.9908    0.8616  0.007909  0.005221   0.00349
   117/249     21.9G   0.01838  0.006279    0.0159   0.04055       604       224     0.968    0.9887    0.9926    0.8676  0.007915  0.005432  0.003579
   118/249     21.9G   0.01843  0.006329   0.01591   0.04067       555       224    0.9732     0.986    0.9907    0.8674  0.007852  0.005301  0.003497
   119/249     21.9G   0.01842  0.006289   0.01616   0.04087       560       224    0.9665    0.9884    0.9908    0.8678  0.007918  0.005517  0.003501
   120/249     21.9G   0.01829  0.006356   0.01567   0.04032       563       224    0.9676    0.9829    0.9905    0.8692  0.007877  0.005604  0.003538
   121/249     21.9G   0.01825  0.006261   0.01544   0.03995       578       224    0.9643    0.9846    0.9951     0.873  0.007939  0.005778  0.003516
   122/249     21.9G   0.01808  0.006216   0.01582   0.04012       524       224    0.9695    0.9882    0.9928    0.8773   0.00769  0.005598  0.003554
   123/249     21.9G   0.01817  0.006226   0.01546   0.03986       550       224    0.9717    0.9812    0.9921    0.8779  0.007825  0.005543  0.003655
   124/249     21.9G   0.01821  0.006225   0.01567   0.04011       549       224    0.9586    0.9896    0.9885    0.8693  0.007715  0.005419  0.003552
   125/249     21.9G   0.01814  0.006243   0.01571    0.0401       549       224    0.9682    0.9878    0.9922    0.8691  0.007851  0.005715  0.003715
   126/249     21.9G   0.01812  0.006241   0.01568   0.04004       563       224    0.9672    0.9881    0.9908    0.8696   0.00778   0.00569  0.003454
   127/249     21.9G   0.01817  0.006158   0.01504   0.03937       526       224    0.9656    0.9871     0.992    0.8713   0.00783  0.005784  0.003576
   128/249     21.9G   0.01814  0.006204   0.01531   0.03966       594       224    0.9675    0.9831      0.99    0.8756  0.007703  0.005666   0.00343
   129/249     21.9G   0.01788  0.006181   0.01551   0.03957       573       224    0.9666    0.9849    0.9943    0.8758  0.007711  0.006161  0.003511
   130/249     21.9G   0.01798  0.006177   0.01537   0.03952       542       224    0.9675    0.9883    0.9942     0.878   0.00765  0.005822  0.003308
   131/249     21.9G   0.01791  0.006132   0.01512   0.03916       544       224     0.962    0.9902    0.9939    0.8775  0.007766  0.005588  0.003336
   132/249     21.9G    0.0178  0.006149   0.01486   0.03881       567       224    0.9711    0.9896    0.9939    0.8806  0.007657  0.005647  0.003299
   133/249     21.9G   0.01783  0.006154   0.01513   0.03912       554       224    0.9701    0.9925    0.9936    0.8774  0.007536  0.005652  0.003227
   134/249     21.9G   0.01771  0.006115   0.01494   0.03877       546       224     0.973    0.9922     0.993    0.8833  0.007571  0.005847   0.00328
   135/249     21.9G    0.0176  0.006059   0.01492   0.03858       524       224    0.9677    0.9889    0.9937    0.8786  0.007605  0.005858  0.003163
   136/249     21.9G   0.01758  0.006086   0.01497   0.03864       570       224    0.9717    0.9877    0.9904    0.8791  0.007482  0.005896  0.003147
   137/249     21.9G   0.01754  0.006031   0.01468   0.03826       591       224    0.9726    0.9907    0.9932    0.8859  0.007413  0.006132  0.003012
   138/249     21.9G   0.01759  0.006079   0.01472   0.03839       571       224    0.9721    0.9914    0.9896     0.874  0.007421  0.005964  0.003081
   139/249     21.9G   0.01755  0.006014   0.01458   0.03815       601       224    0.9705    0.9924    0.9929    0.8819  0.007356  0.005912  0.003124
   140/249     21.9G   0.01736  0.005949   0.01457   0.03789       501       224    0.9723    0.9934    0.9943    0.8835  0.007376   0.00583  0.003076
   141/249     21.9G   0.01746  0.006015   0.01446   0.03794       589       224    0.9727    0.9932    0.9953    0.8875  0.007448  0.005865  0.003135
   142/249     21.9G   0.01737  0.005984   0.01433   0.03768       546       224    0.9712    0.9953    0.9908    0.8815  0.007539  0.006116  0.003089
   143/249     21.9G   0.01719  0.005948   0.01432   0.03746       524       224    0.9707    0.9935    0.9898    0.8819   0.00739  0.006165  0.003142
   144/249     21.9G   0.01731  0.005983   0.01423   0.03752       568       224    0.9786    0.9918    0.9911    0.8812  0.007368  0.005982  0.003059
   145/249     21.9G    0.0173  0.005991   0.01403   0.03732       543       224    0.9738     0.995    0.9945    0.8873  0.007271  0.005724  0.002909
   146/249     21.9G   0.01717  0.005903   0.01413    0.0372       557       224    0.9716    0.9911    0.9959    0.8909  0.007253   0.00599  0.002899
   147/249     21.9G   0.01712  0.005935     0.014   0.03706       579       224    0.9686    0.9909    0.9954    0.8898   0.00731  0.006097  0.003027
   148/249     21.9G   0.01716  0.005913   0.01413   0.03721       563       224    0.9692    0.9898    0.9961    0.8902  0.007357   0.00591  0.002953
   149/249     21.9G   0.01702  0.005882   0.01408   0.03699       500       224    0.9726    0.9926    0.9963    0.8923  0.007373  0.005993   0.00285
   150/249     21.9G   0.01705  0.005902   0.01408   0.03703       549       224    0.9725    0.9962    0.9963    0.8876  0.007364  0.005973  0.002818
   151/249     21.9G   0.01694  0.005803   0.01374   0.03649       575       224    0.9763    0.9905    0.9962     0.888  0.007354  0.005945  0.002839
   152/249     21.9G   0.01691  0.005847   0.01394    0.0367       560       224    0.9717    0.9898    0.9963     0.891   0.00731  0.006066  0.002823
   153/249     21.9G   0.01682  0.005825   0.01372   0.03637       541       224    0.9743      0.99     0.996    0.8894  0.007207  0.005931  0.002717
   154/249     21.9G   0.01676  0.005863   0.01372   0.03634       527       224    0.9757    0.9888    0.9957     0.889  0.007204  0.005988  0.002735
   155/249     21.9G   0.01681  0.005767    0.0136   0.03618       530       224    0.9751    0.9885    0.9958    0.8905  0.007177  0.005979  0.002749
   156/249     21.9G   0.01669    0.0058   0.01366   0.03615       587       224    0.9742    0.9899    0.9941    0.8886  0.007131   0.00596  0.002767
   157/249     21.9G   0.01669  0.005774   0.01367   0.03613       533       224    0.9741    0.9911    0.9941    0.8877  0.007202  0.005786  0.002767
   158/249     21.9G   0.01673  0.005777   0.01339    0.0359       514       224    0.9764    0.9888    0.9947    0.8888    0.0072  0.005856  0.002707
   159/249     21.9G   0.01642  0.005729   0.01353   0.03568       592       224    0.9763    0.9928    0.9931    0.8845  0.007151  0.005879  0.002617
   160/249     21.9G   0.01652  0.005729   0.01332   0.03557       558       224    0.9736    0.9936    0.9931    0.8873  0.007128   0.00597  0.002589
   161/249     21.9G   0.01643  0.005738   0.01326   0.03543       562       224    0.9721    0.9959    0.9915    0.8858  0.007059  0.006041    0.0026
   162/249     21.9G   0.01637  0.005711   0.01317   0.03525       529       224    0.9703    0.9952    0.9914    0.8883  0.007042  0.006213  0.002589
   163/249     21.9G    0.0163   0.00565   0.01287   0.03482       508       224     0.974    0.9941    0.9915    0.8882  0.007022  0.006185  0.002543
   164/249     21.9G   0.01623  0.005594   0.01283   0.03465       577       224    0.9739    0.9949    0.9915    0.8896  0.007059  0.006158  0.002521
   165/249     21.9G   0.01635  0.005644   0.01286   0.03485       537       224    0.9683    0.9963    0.9915    0.8908   0.00708  0.006133  0.002582
   166/249     21.9G   0.01633  0.005716   0.01297   0.03501       600       224    0.9715    0.9961    0.9916    0.8912  0.007092  0.006098  0.002603
   167/249     21.9G   0.01624  0.005672   0.01285   0.03476       557       224    0.9708    0.9952    0.9915    0.8894  0.007061  0.006092  0.002546
   168/249     21.9G   0.01623  0.005664   0.01299   0.03488       532       224    0.9726    0.9962    0.9916    0.8871  0.007117  0.006109   0.00257
   169/249     21.9G   0.01604  0.005553   0.01276   0.03436       533       224    0.9721    0.9956    0.9913    0.8881   0.00707  0.006028   0.00255
   170/249     21.9G   0.01609  0.005641   0.01289   0.03462       511       224    0.9709    0.9959    0.9917    0.8942  0.007056  0.005948   0.00246
   171/249     21.9G   0.01604  0.005571   0.01254   0.03415       540       224    0.9721    0.9959    0.9918    0.8953  0.007028  0.005994  0.002433
   172/249     21.9G   0.01596  0.005599   0.01264    0.0342       561       224    0.9723    0.9933    0.9918    0.8944  0.007014  0.006091  0.002432
   173/249     21.9G   0.01584  0.005506    0.0124   0.03375       542       224    0.9708     0.993    0.9918    0.8955  0.006987  0.005977  0.002403
   174/249     21.9G   0.01591  0.005486   0.01242   0.03382       550       224     0.972    0.9923    0.9934    0.8938  0.006992  0.005813  0.002369
   175/249     21.9G   0.01583  0.005559   0.01237   0.03377       553       224    0.9703    0.9929    0.9934    0.8906  0.006981  0.005758  0.002338
   176/249     21.9G   0.01593  0.005552   0.01244   0.03393       579       224    0.9703    0.9948    0.9934     0.892  0.006963  0.005913  0.002354
   177/249     21.9G    0.0157   0.00545   0.01199   0.03314       553       224     0.975    0.9935    0.9935    0.8928  0.006937  0.006002  0.002358
   178/249     21.9G   0.01583  0.005555   0.01228   0.03366       545       224    0.9744    0.9943    0.9952    0.8945  0.006955   0.00593   0.00231
   179/249     21.9G   0.01569  0.005444   0.01199   0.03312       575       224     0.973    0.9957    0.9952    0.8939  0.006951  0.005867  0.002293
   180/249     21.9G   0.01559  0.005446   0.01225   0.03329       582       224    0.9698    0.9956    0.9966    0.8976  0.006923  0.005909  0.002311
   181/249     21.9G   0.01561  0.005427   0.01175   0.03279       560       224    0.9733    0.9953    0.9949    0.8948   0.00692  0.005906  0.002284
   182/249     21.9G   0.01558  0.005454   0.01184   0.03287       627       224    0.9752    0.9937    0.9949    0.8958  0.006906  0.005901  0.002299
   183/249     21.9G   0.01555  0.005443   0.01186   0.03285       557       224    0.9737    0.9959    0.9969    0.9003  0.006875  0.006044  0.002307
   184/249     21.9G   0.01541   0.00533   0.01172   0.03246       510       224     0.974    0.9966    0.9949    0.8986  0.006849  0.006079  0.002301
   185/249     21.9G   0.01544  0.005421   0.01185   0.03271       549       224    0.9712    0.9968    0.9949    0.8983  0.006844  0.006002  0.002266
   186/249     21.9G   0.01534  0.005363   0.01167   0.03237       590       224    0.9724    0.9954    0.9953    0.9008  0.006792  0.005954  0.002257
   187/249     21.9G   0.01535  0.005391    0.0117   0.03245       526       224    0.9727    0.9968    0.9945    0.8986  0.006785  0.006006  0.002232
   188/249     21.9G   0.01526   0.00533    0.0114     0.032       502       224    0.9746    0.9951    0.9946    0.9002  0.006758  0.006071  0.002237
   189/249     21.9G   0.01522  0.005353   0.01144   0.03202       568       224    0.9751    0.9963    0.9946    0.8984  0.006746  0.005987  0.002215
   190/249     21.9G   0.01532  0.005309   0.01141   0.03204       545       224    0.9739    0.9968    0.9946    0.8994  0.006759  0.005974  0.002201
   191/249     21.9G   0.01515  0.005299   0.01143   0.03187       536       224    0.9772    0.9942    0.9946    0.8986   0.00672  0.005972  0.002164
   192/249     21.9G   0.01513  0.005304   0.01148   0.03191       497       224    0.9761    0.9952    0.9946    0.8998  0.006691  0.005965  0.002133
   193/249     21.9G     0.015  0.005254   0.01101   0.03127       528       224    0.9758     0.996    0.9947    0.9005  0.006671   0.00594  0.002117
   194/249     21.9G   0.01506  0.005253   0.01126   0.03157       589       224    0.9768    0.9953    0.9947    0.9017  0.006668  0.005944  0.002112
   195/249     21.9G   0.01497  0.005231   0.01123   0.03143       566       224    0.9767    0.9959    0.9972    0.9072  0.006659  0.005936  0.002111
   196/249     21.9G   0.01495  0.005214   0.01099   0.03115       576       224     0.976    0.9964    0.9972    0.9049  0.006645   0.00594  0.002084
   197/249     21.9G    0.0149  0.005242   0.01109   0.03124       538       224    0.9772    0.9947    0.9973     0.905  0.006624  0.005856  0.002029
   198/249     21.9G   0.01489  0.005218   0.01098   0.03109       591       224     0.977    0.9955    0.9973     0.905   0.00662  0.005832   0.00202
   199/249     21.9G   0.01481  0.005197   0.01067   0.03067       543       224    0.9752    0.9983    0.9957    0.9044  0.006602  0.005825  0.002008
   200/249     21.9G   0.01487  0.005195    0.0109   0.03096       591       224    0.9768    0.9976    0.9958    0.9043  0.006589  0.005818  0.001992
   201/249     21.9G    0.0148  0.005216   0.01081   0.03082       571       224    0.9772    0.9978    0.9958    0.9033  0.006567  0.005762  0.001969
   202/249     21.9G    0.0148  0.005151   0.01064   0.03059       522       224    0.9789     0.997    0.9958    0.9042  0.006565  0.005732   0.00196
   203/249     21.9G   0.01472  0.005143   0.01071   0.03058       572       224    0.9782    0.9974    0.9958    0.9048  0.006564  0.005732  0.001956
   204/249     21.9G   0.01469  0.005183   0.01068   0.03055       587       224     0.978    0.9967    0.9959    0.9049  0.006537  0.005704   0.00192
   205/249     21.9G   0.01452  0.005098   0.01057   0.03019       537       224    0.9769    0.9976    0.9959    0.9039  0.006534  0.005685  0.001895
   206/249     21.9G   0.01457  0.005165   0.01074   0.03047       557       224    0.9762    0.9976    0.9959     0.906   0.00652  0.005708  0.001882
   207/249     21.9G   0.01452  0.005043   0.01037   0.02993       522       224    0.9751    0.9976    0.9959     0.906  0.006518   0.00574  0.001871
   208/249     21.9G   0.01453  0.005105   0.01051   0.03015       565       224    0.9755    0.9972    0.9959     0.907  0.006495  0.005765  0.001868
   209/249     21.9G   0.01443  0.005039   0.01024   0.02971       520       224    0.9751    0.9967    0.9943    0.9066  0.006479  0.005788  0.001857
   210/249     21.9G   0.01446  0.005033   0.01032   0.02982       505       224    0.9757    0.9965    0.9959    0.9076  0.006471  0.005797  0.001851
   211/249     21.9G   0.01435  0.005011   0.01025   0.02961       546       224     0.976    0.9953    0.9959    0.9085  0.006465  0.005787  0.001843
   212/249     21.9G   0.01439  0.005013   0.01018   0.02958       557       224    0.9772     0.994    0.9959    0.9102  0.006467  0.005795  0.001841
   213/249     21.9G   0.01442  0.005016   0.01023   0.02966       564       224    0.9768    0.9943    0.9943    0.9091  0.006455  0.005832  0.001845
   214/249     21.9G   0.01445  0.005028   0.01001   0.02949       573       224    0.9767    0.9952     0.996    0.9106  0.006439  0.005846  0.001834
   215/249     21.9G    0.0143  0.005018   0.01022   0.02954       559       224    0.9774    0.9951     0.996    0.9104  0.006428  0.005864  0.001827
   216/249     21.9G   0.01433  0.004959  0.009897   0.02918       592       224    0.9776    0.9952     0.996    0.9121   0.00641  0.005875  0.001822
   217/249     21.9G   0.01419  0.004928  0.009688    0.0288       595       224    0.9782    0.9947    0.9959    0.9118  0.006404  0.005853  0.001812
   218/249     21.9G   0.01416  0.004936  0.009868   0.02896       573       224    0.9775    0.9959     0.996    0.9122  0.006381  0.005825  0.001793
   219/249     21.9G   0.01406  0.004944  0.009984   0.02898       574       224    0.9774    0.9961     0.996    0.9127   0.00636  0.005795  0.001779
   220/249     21.9G    0.0141  0.004925  0.009755   0.02878       551       224    0.9768    0.9969    0.9952    0.9124  0.006344    0.0058  0.001771
   221/249     21.9G   0.01405  0.004922  0.009631    0.0286       596       224    0.9764    0.9973    0.9952    0.9132  0.006325  0.005793  0.001762
   222/249     21.9G     0.014  0.004895  0.009628   0.02853       556       224    0.9757    0.9977    0.9952    0.9135  0.006312  0.005773  0.001748
   223/249     21.9G   0.01411   0.00494  0.009758    0.0288       541       224    0.9753    0.9977     0.996    0.9156  0.006301  0.005766  0.001745
   224/249     21.9G   0.01397  0.004878  0.009611   0.02846       564       224    0.9758    0.9974    0.9961    0.9139  0.006295  0.005783  0.001734
   225/249     21.9G   0.01405  0.004904  0.009532   0.02849       510       224    0.9761    0.9973    0.9961    0.9137  0.006285  0.005781  0.001723
   226/249     21.9G   0.01402  0.004855  0.009654   0.02853       562       224    0.9763    0.9976    0.9961    0.9126  0.006269  0.005776  0.001713
   227/249     21.9G   0.01404  0.004857  0.009541   0.02844       568       224     0.976    0.9971     0.996     0.915  0.006252  0.005726  0.001703
   228/249     21.9G   0.01395  0.004853  0.009387   0.02819       581       224    0.9763    0.9969     0.996    0.9168  0.006248  0.005729  0.001694
   229/249     21.9G   0.01386  0.004906   0.00952   0.02829       541       224    0.9773    0.9968    0.9961     0.917  0.006245  0.005731  0.001684
   230/249     21.9G   0.01395  0.004849  0.009483   0.02828       527       224    0.9772    0.9968    0.9961    0.9171  0.006244  0.005712  0.001673
   231/249     21.9G   0.01397  0.004903  0.009596   0.02847       618       224    0.9773    0.9967     0.996    0.9181  0.006241  0.005693  0.001661
   232/249     21.9G   0.01397  0.004871   0.00949   0.02833       545       224    0.9772    0.9965    0.9961    0.9186  0.006235  0.005667  0.001648
   233/249     21.9G    0.0138  0.004843  0.009493   0.02813       569       224    0.9769    0.9967    0.9977    0.9207  0.006221  0.005663   0.00164
   234/249     21.9G   0.01381  0.004809  0.009367   0.02799       512       224    0.9774    0.9965    0.9978    0.9202  0.006206  0.005649   0.00163
   235/249     21.9G   0.01382  0.004793  0.009419   0.02803       532       224    0.9775    0.9961    0.9978    0.9194   0.00619  0.005646  0.001619
   236/249     21.9G   0.01385  0.004838  0.009402   0.02809       558       224    0.9781    0.9956    0.9978    0.9209  0.006175  0.005646  0.001612
   237/249     21.9G   0.01386  0.004785  0.009197   0.02784       545       224    0.9784    0.9955    0.9978     0.921  0.006163  0.005641  0.001602
   238/249     21.9G   0.01377  0.004795  0.009271   0.02784       569       224    0.9784    0.9959    0.9979    0.9208  0.006157   0.00565  0.001597
   239/249     21.9G   0.01376  0.004762  0.009133   0.02765       546       224    0.9786    0.9956    0.9978    0.9213  0.006149  0.005641  0.001592
   240/249     21.9G   0.01364  0.004727  0.009125   0.02749       565       224    0.9788    0.9953    0.9978    0.9225  0.006139  0.005644  0.001589
   241/249     21.9G   0.01364   0.00477   0.00904   0.02745       527       224    0.9786    0.9955    0.9978    0.9233   0.00612  0.005643  0.001587
   242/249     21.9G   0.01369  0.004734   0.00911   0.02753       558       224    0.9789    0.9949    0.9978    0.9236  0.006113  0.005626  0.001584
   243/249     21.9G   0.01377  0.004778  0.008965   0.02752       534       224    0.9792    0.9944    0.9978    0.9237  0.006108  0.005631  0.001579
   244/249     21.9G   0.01374  0.004749  0.009116    0.0276       554       224    0.9796     0.994    0.9962     0.923  0.006096  0.005618  0.001577
   245/249     21.9G   0.01372  0.004781  0.009209   0.02771       578       224      0.98    0.9936    0.9962    0.9224  0.006091  0.005611  0.001575
   246/249     21.9G   0.01366  0.004704  0.009018   0.02738       581       224      0.98    0.9938    0.9962     0.923  0.006083  0.005616  0.001575
   247/249     21.9G   0.01372  0.004737  0.008948   0.02741       533       224    0.9794    0.9946    0.9962    0.9231  0.006075  0.005625  0.001577
   248/249     21.9G   0.01371  0.004723  0.008836   0.02727       542       224    0.9795    0.9947    0.9962    0.9228  0.006078  0.005632  0.001572
   249/249     21.9G   0.01373  0.004726  0.008912   0.02736       523       224    0.9796    0.9949    0.9962    0.9231  0.006065  0.005622  0.001571
