     0/199     18.6G   0.05375  0.009751   0.06395    0.1274       547       224   0.01641    0.4336   0.01867   0.01179   0.03119  0.006859   0.04374
     1/199     21.6G   0.04436  0.009825   0.06386     0.118       604       224   0.04765    0.5737   0.02373   0.01839   0.05768  0.003612   0.04294
     2/199     21.6G   0.03315  0.009657   0.06362    0.1064       526       224  0.009935         1   0.02629    0.0219   0.04015  0.002095   0.04266
     3/199     21.6G   0.02334  0.008461   0.06339    0.0952       594       224  0.009974    0.9942   0.02646   0.02291    0.0389  0.001541   0.04259
     4/199     21.6G   0.02061  0.007825   0.06318   0.09162       590       224  0.009907     0.998   0.02568   0.02407   0.03312  0.001854   0.04257
     5/199     21.6G   0.02201  0.008925   0.06312   0.09406       530       224  0.009932         1    0.0234    0.0216   0.02219  0.002049   0.04245
     6/199     21.6G   0.01943  0.008684   0.06295   0.09106       538       224   0.01001     0.993   0.02137   0.01939  0.006815  0.002717   0.04242
     7/199     21.6G   0.01803  0.008482   0.06282   0.08933       594       224   0.00993         1   0.02465   0.02257  0.008556  0.002153   0.04237
     8/199     21.6G   0.01779  0.008175   0.06273    0.0887       528       224   0.02008    0.9494   0.03339   0.03005  0.009931  0.002182   0.04232
     9/199     21.6G   0.01784    0.0082   0.06262   0.08866       598       224  0.009931         1   0.02615   0.02351  0.006663  0.002246   0.04229
    10/199     21.6G   0.01767  0.008055   0.06255   0.08827       554       224  0.009958         1   0.03517   0.03272  0.008848  0.002392   0.04226
    11/199     21.6G    0.0174  0.008146   0.06248   0.08802       582       224  0.009873     0.984   0.02966   0.02691   0.01254  0.003164   0.04222
    12/199     21.6G    0.0181   0.00802   0.06239   0.08851       527       224   0.04012     0.811    0.0477   0.04081   0.01299  0.002413   0.04218
    13/199     21.6G   0.01869  0.008307   0.06232   0.08932       629       224  0.009715    0.7188   0.02512   0.01977   0.01491  0.004645   0.04223
    14/199     21.6G   0.01749  0.008277   0.06208   0.08785       622       224   0.00957     0.953   0.02246   0.01875   0.01397  0.003296   0.04229
    15/199     21.6G   0.01793  0.008465   0.06204   0.08843       545       224   0.09274     0.635   0.02469   0.02104   0.01113  0.003685   0.07875
    16/199     21.6G   0.01719  0.008086   0.06187   0.08715       559       224  0.009895    0.9631   0.03297   0.02936   0.02498  0.001807   0.04239
    17/199     21.6G    0.0176  0.008299   0.06204   0.08794       532       224   0.02873    0.8728   0.03265   0.02889    0.0174  0.002322   0.04249
    18/199     21.6G   0.01663  0.008306   0.06178   0.08672       592       224     0.179    0.4563   0.04014   0.03645  0.007453   0.00233   0.04244
    19/199     21.6G   0.01575  0.008282   0.06149   0.08552       578       224   0.04222     0.846   0.02675   0.02413  0.005705  0.002255   0.04264
    20/199     21.6G   0.01459  0.008157   0.06144   0.08419       564       224    0.0115     0.905   0.03257   0.02986  0.007552  0.002166   0.04267
    21/199     21.6G   0.01522  0.008037    0.0612   0.08446       587       224   0.01028     0.988   0.03857   0.03641  0.005199  0.002166   0.04269
    22/199     21.6G   0.01394  0.007934   0.06088   0.08276       585       224    0.1338    0.5793   0.04488   0.04162  0.005865   0.00218   0.04266
    23/199     21.6G   0.01357  0.007778   0.06063   0.08198       543       224   0.08779      0.73    0.0452   0.04271  0.006186  0.002145   0.04246
    24/199     21.6G   0.01334  0.007822   0.06041   0.08157       550       224    0.1142    0.5351   0.04881   0.04529  0.004594  0.002401   0.04251
    25/199     21.6G    0.0133   0.00769   0.06035   0.08134       549       224   0.05298    0.7902   0.04728    0.0428  0.005361  0.002389   0.04236
    26/199     21.6G     0.013  0.007805   0.06013   0.08093       558       224    0.0735     0.648   0.05156   0.05058   0.00454  0.002415   0.04235
    27/199     21.6G   0.01286  0.007762   0.05987   0.08049       579       224     0.115    0.5701    0.0527   0.05159  0.004454  0.002262   0.04222
    28/199     21.6G   0.01364  0.007876    0.0597   0.08122       572       224   0.04532    0.6647   0.05659   0.05127  0.006672  0.002311   0.04211
    29/199     21.6G     0.013  0.007747   0.05935   0.08009       627       224   0.01862       0.9   0.05563   0.05093   0.01101  0.002221   0.04256
    30/199     21.6G   0.01329  0.007713   0.05927   0.08027       564       224   0.01518      0.83   0.05305   0.04687  0.006729  0.002295   0.04182
    31/199     21.6G   0.01259  0.007642   0.05881   0.07905       603       224   0.04563    0.8229   0.05822    0.0541  0.005493  0.002337   0.04142
    32/199     21.6G   0.01268   0.00762   0.05831   0.07861       577       224    0.1114    0.6265   0.05676   0.05249  0.005917  0.002374   0.04165
    33/199     21.6G   0.01268  0.007617   0.05808   0.07837       543       224   0.01725     0.871   0.05475   0.05119  0.005285  0.002499   0.04145
    34/199     21.6G    0.0127  0.007612   0.05784   0.07816       534       224   0.01713     0.776   0.06051   0.05486  0.006061  0.002383   0.04122
    35/199     21.6G   0.01278  0.007677   0.05758   0.07804       595       224   0.01711    0.7369   0.06553   0.06166  0.005853  0.002236   0.04198
    36/199     21.6G   0.01261  0.007675   0.05724   0.07753       612       224   0.02938    0.7176    0.0706   0.06392  0.004967  0.002393   0.04097
    37/199     21.6G   0.01241  0.007661   0.05706   0.07713       572       224    0.1431    0.5016   0.07794   0.07448  0.004115  0.002298   0.04109
    38/199     21.6G   0.01236  0.007671   0.05667    0.0767       577       224     0.226     0.497   0.08814    0.0784  0.006515  0.002279   0.04039
    39/199     21.6G   0.01207  0.007526    0.0563    0.0759       615       224    0.2421    0.4631    0.0923   0.08491  0.005939  0.002344   0.04043
    40/199     21.6G   0.01228  0.007551   0.05608   0.07591       572       224    0.5294    0.2673   0.09506   0.09155  0.004376  0.002353   0.03959
    41/199     21.6G   0.01223  0.007537   0.05562   0.07538       564       224     0.632     0.192    0.1039   0.09782  0.004957  0.002185   0.04015
    42/199     21.6G   0.01229  0.007487   0.05522     0.075       599       224    0.4913     0.284    0.1147    0.1113  0.004658  0.002288    0.0394
    43/199     21.6G   0.01222  0.007456   0.05476   0.07444       564       224    0.3422    0.3979    0.1333    0.1298  0.005067  0.002153   0.03896
    44/199     21.6G   0.01236  0.007462   0.05424   0.07406       529       224    0.3792    0.4015    0.1267    0.1205  0.004993  0.002283   0.03893
    45/199     21.6G    0.0123  0.007476   0.05374   0.07352       579       224    0.4503    0.3679    0.1488    0.1439  0.004016  0.002228   0.03842
    46/199     21.6G   0.01216  0.007491   0.05321   0.07286       552       224     0.389     0.355    0.1573     0.146  0.004357  0.002392   0.03827
    47/199     21.6G   0.01235  0.007472   0.05267   0.07249       562       224    0.3875     0.445    0.1736    0.1651  0.004126  0.002242    0.0376
    48/199     21.6G   0.01227   0.00738   0.05206   0.07171       563       224    0.4985    0.3272    0.1864    0.1753  0.005033  0.002294   0.03772
    49/199     21.6G   0.01242  0.007447   0.05153   0.07139       564       224     0.314    0.4706    0.2051    0.1891  0.004579   0.00252   0.03719
    50/199     21.6G   0.01233  0.007395   0.05103   0.07075       574       224    0.2369    0.5469    0.2648    0.2488  0.004533  0.002288   0.03634
    51/199     21.6G   0.01227  0.007426   0.05044   0.07014       550       224     0.397    0.4296    0.2609    0.2423  0.005301  0.002371   0.03631
    52/199     21.6G   0.01237  0.007415    0.0497   0.06949       604       224    0.3389    0.5024    0.2737    0.2564  0.004664  0.002553    0.0352
    53/199     21.6G   0.01241  0.007328    0.0492   0.06894       563       224    0.2928    0.5394     0.254    0.2426  0.004635    0.0025   0.03578
    54/199     21.6G   0.01233  0.007408    0.0486   0.06834       546       224    0.2523     0.647    0.3309    0.3129  0.004434  0.002399   0.03455
    55/199     21.6G    0.0124  0.007278   0.04778   0.06747       541       224    0.3783    0.5094     0.365    0.3477  0.004017  0.002583   0.03375
    56/199     21.6G   0.01241  0.007243   0.04699   0.06664       601       224    0.3566    0.5733     0.383    0.3613  0.005163  0.002494   0.03328
    57/199     21.6G   0.01249  0.007299   0.04658   0.06637       615       224    0.3913    0.5229    0.4081    0.3724  0.004712   0.00247   0.03282
    58/199     21.6G   0.01238  0.007229   0.04615   0.06576       613       224    0.3027    0.5722    0.3891    0.3757  0.003759  0.002359   0.03275
    59/199     21.6G   0.01252  0.007313   0.04581   0.06564       578       224    0.2774    0.6503    0.4396    0.4226  0.003835    0.0026   0.03208
    60/199     21.6G   0.01234  0.007265   0.04489   0.06449       560       224    0.4675    0.5035    0.4279    0.3969  0.004897  0.002648   0.03155
    61/199     21.6G   0.01265  0.007254   0.04452   0.06442       560       224    0.2888    0.6485     0.469    0.4428  0.004151  0.002493   0.03076
    62/199     21.6G   0.01242    0.0072   0.04396   0.06358       519       224    0.4413    0.5833    0.5061    0.4826  0.004417  0.002833   0.02986
    63/199     21.6G    0.0125  0.007119   0.04339   0.06301       602       224    0.3976    0.6233    0.5171     0.475  0.004968  0.002903   0.02949
    64/199     21.6G   0.01227  0.007061   0.04277    0.0621       553       224    0.6756     0.471    0.5604    0.5228  0.004663  0.002762   0.02904
    65/199     21.6G   0.01232  0.007056    0.0421   0.06148       541       224    0.4983    0.6149    0.5555     0.517  0.004797  0.002554   0.02877
    66/199     21.6G   0.01235  0.007054   0.04157   0.06097       567       224    0.6127    0.5181    0.5591    0.5165  0.004932  0.002791   0.02833
    67/199     21.6G   0.01241  0.007121   0.04122   0.06075       616       224    0.5539    0.6131    0.6027    0.5782  0.004241  0.002417   0.02778
    68/199     21.6G   0.01242  0.007061    0.0409   0.06038       586       224    0.4373    0.6875    0.6082    0.5864  0.004411  0.002672   0.02746
    69/199     21.6G   0.01244  0.007016   0.04037   0.05982       563       224     0.611    0.6185    0.6603    0.6101  0.004797  0.002858   0.02643
    70/199     21.6G   0.01236  0.006932   0.03944   0.05873       584       224     0.603    0.6245     0.652    0.6132  0.004759  0.002631   0.02653
    71/199     21.6G   0.01231  0.006843   0.03928   0.05843       597       224    0.7273    0.5957    0.7067    0.6694  0.004897  0.003027   0.02477
    72/199     21.6G   0.01241  0.006923   0.03861   0.05795       542       224    0.5653    0.6604    0.6861    0.6455  0.004523  0.002946   0.02516
    73/199     21.6G   0.01245  0.006973   0.03799   0.05741       545       224    0.6683    0.6849     0.755    0.7264  0.004514  0.002676   0.02376
    74/199     21.6G   0.01239  0.006829   0.03765   0.05687       576       224    0.6159     0.707    0.7308    0.6919  0.004437  0.002725   0.02411
    75/199     21.6G   0.01227  0.006828   0.03715   0.05625       562       224    0.6694    0.7103    0.7751    0.7229  0.004711  0.002962   0.02306
    76/199     21.6G   0.01241  0.006837   0.03679   0.05603       609       224    0.6278    0.7484     0.785    0.7376  0.005143  0.002846    0.0223
    77/199     21.6G   0.01231  0.006834   0.03648   0.05562       594       224    0.6662    0.7271    0.7802    0.7429  0.004726  0.002669   0.02189
    78/199     21.6G   0.01217  0.006709   0.03564   0.05452       566       224    0.6956    0.7529    0.8331       0.8  0.004499   0.00293   0.02109
    79/199     21.6G   0.01226  0.006751   0.03537   0.05438       576       224    0.7968    0.7338     0.854    0.8149  0.004583  0.002737   0.02016
    80/199     21.6G   0.01211  0.006651   0.03518   0.05395       544       224    0.7044    0.7913    0.8444    0.7959  0.005394  0.002738   0.02025
    81/199     21.6G   0.01199  0.006647   0.03451   0.05315       576       224    0.6906    0.8016    0.8513    0.8092  0.004843  0.002953   0.01941
    82/199     21.6G   0.01214   0.00652   0.03411   0.05277       568       224    0.7398     0.829    0.8788     0.844  0.004285   0.00303   0.01875
    83/199     21.6G   0.01206  0.006584   0.03366   0.05231       575       224    0.8105     0.767    0.8649    0.8314  0.004308  0.002951   0.01869
    84/199     21.6G   0.01212  0.006588   0.03387   0.05258       584       224    0.7811    0.7707    0.8787    0.8209   0.00494  0.002821   0.01828
    85/199     21.6G   0.01186  0.006574   0.03362   0.05205       582       224     0.822    0.7621    0.8726    0.8382  0.004218  0.002973    0.0181
    86/199     21.6G   0.01174  0.006548    0.0329   0.05118       591       224     0.802    0.7783    0.8705    0.8225   0.00438  0.002988    0.0181
    87/199     21.6G   0.01184  0.006379   0.03249   0.05071       555       224    0.8215    0.8219    0.9079    0.8814  0.004741  0.002949    0.0165
    88/199     21.6G   0.01174  0.006397   0.03255   0.05068       561       224    0.8178    0.8418    0.9081    0.8663  0.004613  0.003151   0.01586
    89/199     21.6G   0.01177  0.006463   0.03194   0.05017       563       224     0.826    0.8394    0.9162    0.8882  0.004403  0.002906   0.01553
    90/199     21.6G   0.01188   0.00635   0.03165   0.04988       596       224    0.8179    0.8349    0.9118    0.8753  0.004841  0.003015   0.01578
    91/199     21.6G   0.01176  0.006372   0.03163   0.04976       513       224    0.8019    0.8582    0.9114    0.8475  0.005138  0.003016    0.0152
    92/199     21.6G   0.01154  0.006375   0.03141   0.04933       543       224    0.8152    0.8685    0.9262    0.8853  0.004705  0.002812   0.01447
    93/199     21.6G   0.01164  0.006341   0.03095   0.04893       555       224    0.8608    0.8664    0.9297    0.8746  0.004759  0.002943   0.01383
    94/199     21.6G   0.01152  0.006319   0.03047   0.04832       566       224    0.8199    0.8664    0.9321    0.8864  0.004842  0.003012   0.01366
    95/199     21.6G    0.0114  0.006262    0.0303   0.04796       538       224    0.8001    0.8935    0.9299     0.883  0.004583  0.003019   0.01348
    96/199     21.6G   0.01139  0.006251   0.03002   0.04765       614       224    0.8872    0.8627     0.937    0.9079  0.004248  0.003199   0.01297
    97/199     21.6G   0.01129  0.006217   0.02986   0.04737       570       224    0.8661    0.8889    0.9453    0.8955  0.005107  0.003038   0.01241
    98/199     21.6G   0.01137  0.006155   0.02959   0.04711       556       224     0.857    0.8933    0.9482    0.8991    0.0048  0.003089   0.01229
    99/199     21.6G   0.01108  0.006173   0.02926   0.04651       598       224    0.8767    0.9187    0.9628    0.9252  0.004409  0.003251   0.01145
   100/199     21.6G   0.01116  0.006115   0.02897   0.04625       591       224     0.866     0.922    0.9612    0.9171  0.005007  0.003183   0.01128
   101/199     21.6G   0.01098  0.006093   0.02886   0.04593       562       224     0.861     0.905    0.9534    0.9073  0.004621  0.003201   0.01116
   102/199     21.6G   0.01094   0.00607   0.02871   0.04572       587       224    0.9053    0.9007    0.9632    0.9055  0.004725  0.003162   0.01077
   103/199     21.6G   0.01095  0.006083    0.0285   0.04554       592       224    0.8539    0.9321    0.9645    0.9058   0.00459  0.003356   0.01051
   104/199     21.6G   0.01095  0.006017   0.02806   0.04503       574       224    0.8744    0.9417    0.9732    0.9474  0.004254    0.0033   0.01013
   105/199     21.6G   0.01086  0.005953   0.02789    0.0447       603       224    0.9102    0.9208    0.9596    0.9264  0.004513  0.003297   0.01009
   106/199     21.6G   0.01074  0.005912   0.02776   0.04441       589       224    0.8696     0.938    0.9647    0.9203  0.004796  0.003269  0.009902
   107/199     21.6G   0.01073  0.005876   0.02736   0.04397       562       224     0.913    0.9319    0.9707     0.941   0.00437  0.003356   0.00942
   108/199     21.6G   0.01071  0.005924   0.02749   0.04413       591       224    0.8871    0.9404     0.967    0.9227  0.004666  0.003332  0.009169
   109/199     21.6G   0.01058   0.00589    0.0272   0.04368       625       224    0.9018     0.947    0.9731    0.9283  0.004639  0.003323  0.008696
   110/199     21.6G   0.01056  0.005897   0.02725    0.0437       595       224    0.9378    0.9249    0.9757     0.946  0.004312  0.003408  0.008307
   111/199     21.6G   0.01047  0.005814   0.02679   0.04307       555       224    0.9244    0.9352    0.9768    0.9419   0.00414   0.00351  0.008322
   112/199     21.6G   0.01033  0.005842   0.02672   0.04289       612       224    0.9217    0.9484    0.9781    0.9545  0.004106  0.003428  0.007906
   113/199     21.6G   0.01037  0.005792   0.02657   0.04273       554       224    0.9242    0.9475    0.9825     0.949  0.004129  0.003421  0.007636
   114/199     21.6G   0.01019  0.005691   0.02626   0.04214       527       224    0.9276    0.9506     0.984    0.9423  0.004583  0.003644  0.007555
   115/199     21.6G   0.01018  0.005713   0.02628   0.04217       620       224    0.9354    0.9424    0.9819    0.9517  0.004363    0.0037  0.007495
   116/199     21.6G   0.01015  0.005767   0.02615   0.04206       593       224    0.9149    0.9637    0.9797     0.943  0.004354   0.00372  0.007278
   117/199     21.6G   0.01017  0.005671   0.02568   0.04152       633       224    0.9268    0.9706    0.9805    0.9534   0.00402  0.003599  0.006805
   118/199     21.6G  0.009946  0.005689   0.02593   0.04156       584       224    0.9344    0.9535    0.9789    0.9383  0.004415  0.003763  0.006676
   119/199     21.6G  0.009877  0.005597   0.02563   0.04111       590       224    0.9278    0.9476    0.9815    0.9401  0.004692  0.003765  0.007077
   120/199     21.6G  0.009947  0.005711   0.02511   0.04077       590       224    0.9341    0.9663     0.983    0.9578  0.004099   0.00375  0.006454
   121/199     21.6G  0.009827  0.005629   0.02512   0.04057       591       224    0.9542    0.9548     0.984    0.9625  0.003909  0.003703  0.006181
   122/199     21.6G  0.009704  0.005557   0.02504    0.0403       543       224    0.9389    0.9653    0.9881    0.9499  0.004661  0.003813  0.006183
   123/199     21.6G  0.009742  0.005576   0.02496   0.04027       571       224     0.955    0.9625    0.9896    0.9494  0.004503  0.003789  0.005966
   124/199     21.6G  0.009597  0.005556   0.02478   0.03993       572       224    0.9482    0.9616      0.99    0.9448  0.004753  0.003897  0.005939
   125/199     21.6G   0.00949  0.005549     0.025   0.04003       583       224    0.9516    0.9648    0.9868    0.9583  0.004352  0.004065  0.005622
   126/199     21.6G  0.009511  0.005545   0.02478   0.03984       578       224    0.9528    0.9617     0.987    0.9527  0.004398  0.003704   0.00567
   127/199     21.6G   0.00942  0.005429   0.02406   0.03891       551       224    0.9613    0.9602     0.988    0.9577  0.004262  0.003728   0.00539
   128/199     21.6G  0.009278  0.005457   0.02442   0.03915       612       224    0.9617    0.9499    0.9886    0.9684  0.003992  0.003885  0.005311
   129/199     21.6G  0.009294  0.005421   0.02405   0.03877       597       224    0.9577    0.9717    0.9883    0.9664  0.004123  0.003968  0.004974
   130/199     21.6G  0.009145   0.00537   0.02392   0.03844       567       224     0.958    0.9715    0.9876    0.9693  0.004205  0.003829  0.004919
   131/199     21.6G  0.009111  0.005329   0.02355   0.03799       557       224    0.9514    0.9784     0.988    0.9577  0.004112  0.003913  0.004828
   132/199     21.6G  0.009133  0.005349   0.02327   0.03775       586       224    0.9478    0.9814    0.9876    0.9578  0.004225  0.003912  0.004757
   133/199     21.6G  0.008963  0.005365   0.02345   0.03777       572       224    0.9567    0.9787    0.9913     0.973  0.003912  0.004001  0.004624
   134/199     21.6G  0.008964  0.005284   0.02312   0.03737       568       224    0.9451    0.9751    0.9877    0.9709  0.003922  0.004285  0.004806
   135/199     21.6G  0.008706  0.005236   0.02311   0.03705       550       224    0.9487    0.9809     0.989    0.9499  0.004187  0.004194   0.00459
   136/199     21.6G  0.008794  0.005272   0.02313   0.03719       592       224    0.9586     0.973    0.9885    0.9618  0.004177  0.004421  0.004547
   137/199     21.6G  0.008679  0.005242   0.02276   0.03668       613       224     0.956    0.9743    0.9877    0.9568  0.004248  0.004521  0.004455
   138/199     21.6G  0.008691  0.005227   0.02282   0.03674       589       224    0.9673    0.9734    0.9883    0.9638  0.004047   0.00447  0.004277
   139/199     21.6G  0.008655   0.00514   0.02243   0.03622       616       224     0.966    0.9787    0.9863     0.973  0.003876  0.004373  0.004278
   140/199     21.6G  0.008503  0.005096   0.02247   0.03607       530       224    0.9649    0.9751    0.9893    0.9825  0.003796  0.004564  0.004197
   141/199     21.6G  0.008352  0.005165   0.02217   0.03569       610       224    0.9662    0.9739    0.9887    0.9776  0.003806   0.00463  0.004082
   142/199     21.6G  0.008415  0.005104    0.0218   0.03532       562       224    0.9537    0.9862    0.9888    0.9772  0.003728  0.004688  0.004072
   143/199     21.6G  0.008401  0.005043   0.02187   0.03531       541       224    0.9678     0.979    0.9916    0.9815  0.003825  0.004755   0.00399
   144/199     21.6G  0.008275  0.005066   0.02173   0.03507       586       224    0.9693    0.9767    0.9913    0.9795  0.003704  0.004777  0.003905
   145/199     21.6G  0.008324  0.005071   0.02152   0.03492       562       224    0.9692    0.9741    0.9899    0.9791  0.003796  0.004855  0.003788
   146/199     21.6G  0.008203  0.005008   0.02175   0.03497       573       224    0.9707    0.9759    0.9894    0.9663   0.00376  0.004776  0.003621
   147/199     21.6G  0.008074  0.004994   0.02137   0.03444       617       224    0.9658     0.982    0.9904    0.9781  0.003718  0.005033  0.003605
   148/199     21.6G  0.008046  0.004971   0.02121   0.03423       583       224    0.9664    0.9834    0.9898    0.9767  0.003701  0.005036  0.003671
   149/199     21.6G  0.007914  0.004886   0.02095   0.03375       521       224    0.9676    0.9854     0.992    0.9754  0.003641  0.005025  0.003527
   150/199     21.6G   0.00795  0.004957   0.02121   0.03411       577       224    0.9705    0.9835    0.9925    0.9757  0.003741  0.005016  0.003442
   151/199     21.6G  0.007918  0.004886   0.02071   0.03351       601       224    0.9692    0.9827    0.9901     0.978  0.003807  0.005221  0.003391
   152/199     21.6G  0.007914  0.004864   0.02093    0.0337       586       224    0.9672    0.9819    0.9884    0.9744  0.003818  0.005517  0.003435
   153/199     21.6G   0.00775   0.00484   0.02044   0.03303       563       224    0.9665    0.9818    0.9912    0.9829  0.003795  0.005431  0.003398
   154/199     21.6G  0.007662  0.004853   0.02059   0.03311       546       224    0.9668    0.9824    0.9927    0.9842  0.003825  0.005471  0.003288
   155/199     21.6G  0.007596  0.004805   0.02041   0.03281       544       224    0.9693    0.9857    0.9919    0.9829  0.003917  0.005368  0.003333
   156/199     21.6G  0.007545  0.004803   0.02013   0.03248       609       224    0.9745    0.9799    0.9934    0.9828  0.003726  0.005453  0.003258
   157/199     21.6G   0.00745  0.004731   0.02034   0.03252       561       224    0.9701    0.9863    0.9929     0.977  0.003625  0.005749  0.003262
   158/199     21.6G  0.007457  0.004753   0.02016   0.03237       544       224    0.9738    0.9871    0.9929    0.9743  0.003601   0.00564  0.003052
   159/199     21.6G  0.007415  0.004752   0.02008   0.03224       613       224    0.9771    0.9869    0.9904    0.9764  0.003722  0.005395  0.002988
   160/199     21.6G  0.007376  0.004726    0.0199   0.03201       568       224    0.9752    0.9852    0.9924    0.9649  0.003802  0.005557  0.003016
   161/199     21.6G   0.00736  0.004713   0.01982    0.0319       583       224      0.97    0.9895    0.9924    0.9518  0.003981  0.005573  0.002968
   162/199     21.6G   0.00726  0.004762   0.01963   0.03165       547       224    0.9676    0.9922    0.9904    0.9602  0.004049  0.005546  0.002966
   163/199     21.6G  0.007198  0.004629   0.01921   0.03103       530       224    0.9712    0.9915    0.9899    0.9682  0.003971  0.005627  0.002958
   164/199     21.6G  0.007147   0.00458   0.01917   0.03089       591       224    0.9716     0.989    0.9921    0.9749  0.003804   0.00565  0.002931
   165/199     21.6G  0.007076  0.004623   0.01918   0.03087       555       224    0.9734    0.9865    0.9924    0.9768  0.003667  0.005721  0.002863
   166/199     21.6G  0.007025  0.004671   0.01951   0.03121       627       224    0.9745    0.9867    0.9924    0.9697  0.003664  0.005937   0.00292
   167/199     21.6G   0.00704   0.00461   0.01888   0.03053       574       224    0.9765    0.9856    0.9924    0.9747  0.003601  0.005981  0.002884
   168/199     21.6G  0.007018  0.004578   0.01911   0.03071       556       224    0.9769    0.9861    0.9924    0.9765  0.003678  0.005982  0.002775
   169/199     21.6G  0.006956  0.004499    0.0188   0.03025       559       224    0.9756    0.9886    0.9938    0.9769  0.003683  0.006181  0.002775
   170/199     21.6G  0.006905  0.004551   0.01884    0.0303       538       224    0.9742    0.9886    0.9924    0.9667  0.003693  0.006178   0.00276
   171/199     21.6G  0.006799  0.004506   0.01867   0.02998       556       224    0.9786    0.9894    0.9929    0.9756  0.003623  0.006228  0.002651
   172/199     21.6G  0.006728  0.004471   0.01836   0.02956       580       224    0.9724    0.9948    0.9905    0.9752  0.003625  0.006308  0.002613
   173/199     21.6G  0.006831  0.004461   0.01841    0.0297       560       224    0.9752    0.9917    0.9905    0.9741  0.003686  0.006454  0.002593
   174/199     21.6G  0.006713  0.004419   0.01823   0.02936       577       224    0.9759    0.9897    0.9905    0.9676  0.003717  0.006482  0.002604
   175/199     21.6G  0.006667  0.004447   0.01823   0.02935       569       224    0.9766    0.9905    0.9929    0.9678  0.003668  0.006498   0.00258
   176/199     21.6G  0.006605  0.004449   0.01815   0.02921       588       224    0.9719    0.9932    0.9905    0.9665  0.003626  0.006451  0.002625
   177/199     21.6G  0.006517  0.004362   0.01794   0.02882       570       224    0.9781    0.9886    0.9905    0.9646   0.00352  0.006497  0.002597
   178/199     21.6G  0.006628  0.004426   0.01816   0.02921       570       224    0.9757     0.991    0.9921    0.9701  0.003577  0.006451  0.002538
   179/199     21.6G  0.006626  0.004338   0.01779   0.02875       606       224    0.9794    0.9896    0.9929    0.9753  0.003591  0.006441  0.002513
   180/199     21.6G  0.006427  0.004352   0.01805   0.02883       591       224    0.9732    0.9935    0.9955    0.9782  0.003637  0.006482    0.0025
   181/199     21.6G  0.006457  0.004357   0.01779    0.0286       587       224    0.9775    0.9916    0.9955    0.9795  0.003629  0.006675  0.002482
   182/199     21.6G    0.0064  0.004339    0.0176   0.02834       652       224    0.9791    0.9919    0.9955    0.9806  0.003624  0.006639  0.002414
   183/199     21.6G  0.006398  0.004345   0.01743   0.02818       576       224    0.9773    0.9941    0.9955    0.9808  0.003635   0.00669  0.002401
   184/199     21.6G  0.006361  0.004247   0.01711   0.02772       524       224    0.9796    0.9944    0.9955    0.9783  0.003632  0.006633  0.002327
   185/199     21.6G  0.006354  0.004303   0.01742   0.02808       556       224    0.9809    0.9944    0.9938    0.9735  0.003656   0.00656  0.002256
   186/199     21.6G  0.006373  0.004261   0.01717    0.0278       609       224    0.9838    0.9924    0.9955    0.9671  0.003707  0.006376   0.00223
   187/199     21.6G  0.006304   0.00424   0.01725   0.02779       544       224    0.9833    0.9928    0.9955    0.9731  0.003699  0.006488  0.002241
   188/199     21.6G  0.006309  0.004191   0.01695   0.02745       523       224    0.9829    0.9926    0.9955    0.9712  0.003722  0.006545   0.00223
   189/199     21.6G  0.006344  0.004217   0.01695   0.02752       587       224    0.9831    0.9923    0.9955    0.9753  0.003783  0.006561  0.002242
   190/199     21.6G  0.006298  0.004184   0.01692    0.0274       560       224    0.9838    0.9914    0.9955     0.972  0.003776  0.006652   0.00223
   191/199     21.6G    0.0062  0.004187   0.01688   0.02727       559       224    0.9827    0.9926    0.9955    0.9694  0.003761  0.006651  0.002214
   192/199     21.6G  0.006204  0.004202   0.01706   0.02746       509       224    0.9832    0.9926    0.9955    0.9698  0.003709  0.006748  0.002192
   193/199     21.6G  0.006145  0.004166   0.01665   0.02696       548       224    0.9805    0.9974    0.9955     0.969  0.003666  0.006748  0.002131
   194/199     21.6G  0.006173  0.004181   0.01676   0.02712       607       224    0.9813    0.9969    0.9956    0.9702  0.003658  0.006868  0.002128
   195/199     21.6G  0.006211  0.004136   0.01692   0.02727       589       224    0.9806    0.9976    0.9956    0.9719  0.003663  0.006927  0.002095
   196/199     21.6G  0.006179  0.004159   0.01662   0.02695       593       224    0.9805    0.9971    0.9956    0.9724  0.003713  0.006948  0.002068
   197/199     21.6G  0.006239  0.004188   0.01675   0.02718       557       224     0.981     0.996    0.9956    0.9744  0.003733  0.007011  0.002057
   198/199     21.6G  0.006164   0.00416   0.01639   0.02672       603       224    0.9805    0.9965    0.9956    0.9748  0.003778  0.006982  0.002066
   199/199     21.6G  0.006101  0.004136   0.01641   0.02664       563       224    0.9811    0.9965    0.9956    0.9705   0.00374  0.007022   0.00205
